{
  "asset": {
    "version": "2.0",
    "generator": "THREE.GLTFExporter"
  },
  "scenes": [
    {
      "nodes": [
        0
      ]
    }
  ],
  "scene": 0,
  "nodes": [
    {
      "children": [
        127
      ],
      "matrix": [
        0.01,
        0,
        0,
        0,
        0,
        0.01,
        0,
        0,
        0,
        0,
        0.01,
        0,
        0,
        0,
        0,
        1
      ]
    },
    {
      "name": "Env Sound"
    },
    {
      "matrix": [
        0.5883484054145521,
        0.39223227027636803,
        -0.7071067811865475,
        0,
        -0.554700196225229,
        0.8320502943378437,
        0,
        0,
        0.588348405414552,
        0.392232270276368,
        0.7071067811865476,
        0,
        0,
        0,
        0,
        1
      ],
      "name": "Directional Light",
      "extensions": {
        "KHR_lights_punctual": {
          "light": 0
        }
      }
    },
    {
      "matrix": [
        1,
        0,
        0,
        0,
        0,
        2.220446049250641e-16,
        -1.000000000000148,
        0,
        0,
        1.000000000000148,
        2.220446049250641e-16,
        0,
        238.00000000000003,
        -264.6336899352215,
        77.80056507468696,
        1
      ],
      "name": "Floor",
      "mesh": 0
    },
    {
      "matrix": [
        0.983641895894689,
        0.16453486367574116,
        -0.07332734330322029,
        0,
        -0.18012413360634774,
        0.8939292745810398,
        -0.4104214279732216,
        0,
        -0.001979174895174526,
        0.41691573570953244,
        0.9089429862122903,
        0,
        -214.8479586644701,
        190.29736145335002,
        80.37016190331637,
        1.0000000000000002
      ],
      "name": "Rectangle 19",
      "mesh": 1
    },
    {
      "matrix": [
        0.997138118723208,
        -0.06787129195512213,
        0.03330255121585278,
        0,
        0.07557549242893659,
        0.906407610871688,
        -0.4155882432143638,
        0,
        -0.0019791748951747926,
        0.41691573570953117,
        0.9089429862122901,
        0,
        -141.6299134926245,
        55.687217060650894,
        129.32990308771423,
        1
      ],
      "name": "Rectangle 20",
      "mesh": 2
    },
    {
      "matrix": [
        0.9984197024031438,
        0.05187218913115953,
        -0.02161883086476374,
        0,
        -0.05616209326540782,
        0.9074637983481882,
        -0.4163595489087843,
        0,
        -0.0019791748951751894,
        0.416915735709531,
        0.9089429862122902,
        0,
        -208.79965792709461,
        90.97636750230018,
        119.04831227586577,
        1
      ],
      "name": "Rectangle 18",
      "mesh": 3
    },
    {
      "matrix": [
        0.9999999999999938,
        0,
        0,
        0,
        0,
        0.7071067811865442,
        0.7071067811865444,
        0,
        0,
        -0.7071067811865418,
        0.7071067811865417,
        0,
        -1.1368683772161603e-13,
        -66.44556841193746,
        -97.04367480059477,
        1
      ],
      "name": "Rectangle 19",
      "mesh": 4
    },
    {
      "matrix": [
        0.9999999999999938,
        0,
        0,
        0,
        0,
        0.9063077870366482,
        -0.42261826174069905,
        0,
        0,
        0.4226182617406963,
        0.9063077870366424,
        0,
        -1.1368683772161603e-13,
        10.522643290653646,
        148.11310257675257,
        1
      ],
      "name": "Rectangle 20",
      "mesh": 5
    },
    {
      "matrix": [
        0.9999999999999938,
        0,
        0,
        0,
        0,
        0.9063077870366482,
        -0.42261826174069905,
        0,
        0,
        0.4226182617406963,
        0.9063077870366424,
        0,
        -1.1368683772161603e-13,
        -6.450680788300416,
        111.71369162538412,
        1
      ],
      "name": "Rectangle 18",
      "mesh": 6
    },
    {
      "matrix": [
        0.9396926207859075,
        0,
        -0.3420201433256684,
        0,
        0,
        1,
        0,
        0,
        0.3420201433256684,
        0,
        0.9396926207859075,
        0,
        -829.2087811213675,
        -22.72690277434569,
        -541.7884295234308,
        1
      ],
      "name": "photo",
      "children": [
        4,
        5,
        6,
        7,
        8,
        9
      ]
    },
    {
      "matrix": [
        1,
        0,
        0,
        0,
        0,
        2.220446049250375e-16,
        -1.0000000000000282,
        0,
        0,
        1.0000000000000282,
        2.220446049250375e-16,
        0,
        31.661109477887123,
        10.384435595567878,
        1.5,
        1
      ],
      "name": "Cube 4",
      "mesh": 7
    },
    {
      "matrix": [
        1,
        0,
        0,
        0,
        0,
        2.220446049250313e-16,
        -1,
        0,
        0,
        1,
        2.220446049250313e-16,
        0,
        -214.2811279296875,
        0,
        0,
        1
      ],
      "name": "Cube 3",
      "mesh": 8
    },
    {
      "matrix": [
        0.456681960550722,
        0,
        1.3228200115346984,
        0,
        0,
        1.0301271785662336,
        0,
        0,
        -1.3724734817765987,
        0,
        0.4550556189972915,
        0,
        -180.5154345072711,
        -172.30814567670595,
        121.4708717423999,
        1
      ],
      "name": "book-1",
      "children": [
        11,
        12
      ]
    },
    {
      "matrix": [
        0.6875506685654593,
        0,
        -0.4793136754066164,
        0,
        0,
        0.4288771606107583,
        0,
        0,
        0.4793136754066164,
        0,
        0.6875506685654593,
        0,
        46.98420591258956,
        -17.093583775798905,
        62.4557853323229,
        1.0000000000000002
      ],
      "name": "Cube 4",
      "mesh": 9
    },
    {
      "matrix": [
        1,
        0,
        0,
        0,
        0,
        1,
        0,
        0,
        0,
        0,
        1,
        0,
        0,
        39.4572571707246,
        0,
        1
      ],
      "name": "Cylinder 2",
      "mesh": 10
    },
    {
      "matrix": [
        1,
        0,
        0,
        0,
        0,
        1,
        0,
        0,
        0,
        0,
        1,
        0,
        0,
        -10.983532548482032,
        0,
        1
      ],
      "name": "Cylinder",
      "mesh": 11
    },
    {
      "matrix": [
        -0.8148775391165173,
        0,
        -1.2446708602510745,
        0,
        0,
        2.907324937827922,
        0,
        0,
        1.2446708602510745,
        0,
        -0.8148775391165173,
        0,
        -5.979778264687116,
        2.55795384873636e-13,
        16.12079955069315,
        0.9999999999999998
      ],
      "name": "bottle-1",
      "children": [
        14,
        15,
        16
      ]
    },
    {
      "matrix": [
        0.3482867286410789,
        0,
        0.9373880491303981,
        0,
        0,
        1,
        0,
        0,
        -0.9373880491303981,
        0,
        0.3482867286410789,
        0,
        312.68404327691684,
        -97.89120017199278,
        -623.5401726989925,
        1
      ],
      "name": "paint",
      "children": [
        17
      ]
    },
    {
      "matrix": [
        1,
        0,
        0,
        0,
        0,
        1,
        0,
        0,
        0,
        0,
        1,
        0,
        0,
        39.4572571707246,
        0,
        1
      ],
      "name": "Cylinder 2",
      "mesh": 12
    },
    {
      "matrix": [
        1,
        0,
        0,
        0,
        0,
        1,
        0,
        0,
        0,
        0,
        1,
        0,
        0,
        -10.983532548482032,
        0,
        1
      ],
      "name": "Cylinder",
      "mesh": 13
    },
    {
      "matrix": [
        1.1330338547213594,
        0,
        0,
        0,
        0,
        1.1330338547213594,
        0,
        0,
        0,
        0,
        1.1330338547213594,
        0,
        533.01940340961,
        -192.81861810368338,
        -140.83251547910808,
        1
      ],
      "name": "bottl-2",
      "children": [
        19,
        20
      ]
    },
    {
      "matrix": [
        0.7332259884961946,
        0,
        0,
        0,
        0,
        0.7332259884961944,
        0,
        0,
        0,
        0,
        0.7332259884961946,
        0,
        0.1988668499044479,
        92.82183500088767,
        -0.023750306979337662,
        0.9999999999999999
      ],
      "name": "Cylinder 3",
      "mesh": 14
    },
    {
      "matrix": [
        0.22383270430884286,
        0,
        0.6982258020783915,
        0,
        0,
        0.7332259884961946,
        0,
        0,
        -0.6982258020783915,
        0,
        0.22383270430884286,
        0,
        -87.2640682599093,
        -10.918329976333196,
        31.97405439765778,
        1
      ],
      "name": "Cube 3",
      "mesh": 15
    },
    {
      "matrix": [
        1,
        0,
        0,
        0,
        0,
        1,
        0,
        0,
        0,
        0,
        1,
        0,
        0,
        -22.62398147583007,
        0,
        1
      ],
      "name": "Cube 3",
      "mesh": 16
    },
    {
      "matrix": [
        0.6348238256094293,
        0,
        -1.4088525052344867,
        0,
        0,
        1.5452723614518198,
        0,
        0,
        1.4088525052344867,
        0,
        0.6348238256094293,
        0,
        612.2355449044389,
        -72.69818348247875,
        -430.06959987715885,
        1
      ],
      "name": "bottle-3",
      "children": [
        22,
        23,
        24
      ]
    },
    {
      "matrix": [
        -0.17060135392268008,
        -2.786659791809179e-14,
        -0.9853401331721826,
        0,
        -0.9853401331721792,
        1.1324274851176704e-14,
        0.17060135392267947,
        0,
        6.328271240363338e-15,
        0.9999999999999913,
        -2.930988785010388e-14,
        0,
        -616.8280001569389,
        0.45231181961329986,
        27.7687425630112,
        1
      ],
      "name": "Rectangle 17",
      "mesh": 17
    },
    {
      "matrix": [
        0.9726805811000132,
        3.2335245592207483e-15,
        0.2321475546951294,
        0,
        0.23214755469513218,
        -3.9968028886505864e-15,
        -0.9726805811000248,
        0,
        -2.234323837058186e-15,
        1.0000000000000264,
        -4.6629367034257805e-15,
        0,
        466.5207064453415,
        -0.45231181961867145,
        -2.906764004571515e-14,
        1
      ],
      "name": "Rectangle 12",
      "mesh": 18
    },
    {
      "matrix": [
        1,
        0,
        0,
        0,
        0,
        1,
        0,
        0,
        0,
        0,
        1,
        0,
        -98.15047469671708,
        -253.8565517532225,
        131.5952166834281,
        1
      ],
      "name": "paper",
      "children": [
        26,
        27
      ]
    },
    {
      "matrix": [
        1.1491276690313736,
        2.040360652947737e-17,
        -0.3433578110880354,
        0,
        -0.34335781108804286,
        5.969806512052229e-16,
        -1.149127669031398,
        0,
        9.610107845342543e-17,
        0.8424973189940629,
        7.537562882232459e-16,
        0,
        28.042270552292106,
        -7.652735776566396,
        -7.500153125374366,
        1
      ],
      "name": "Cube 4",
      "mesh": 19
    },
    {
      "matrix": [
        1.1491276690313739,
        2.1641676541738775e-16,
        -0.34335781108803537,
        0,
        -0.34335781108803554,
        1.4388045807641494e-15,
        -1.1491276690313736,
        0,
        1.3315221773928355e-16,
        0.8424973189940443,
        1.9521262478767804e-15,
        0,
        39.79890830956555,
        -8.037941810072015,
        -11.891860590550895,
        1
      ],
      "name": "Cube 3",
      "mesh": 20
    },
    {
      "matrix": [
        0.9418652455824049,
        0,
        -0.20347435651593582,
        0,
        0,
        0.9635932516345175,
        0,
        0,
        0.20347435651593582,
        0,
        0.9418652455824049,
        0,
        367.387692317174,
        -225.6006699342106,
        536.2280946125611,
        0.9999999999999999
      ],
      "name": "eraser",
      "children": [
        29,
        30
      ]
    },
    {
      "matrix": [
        0.17359775222058715,
        -0.9690379427478141,
        -0.17558270398600612,
        0,
        -0.004184498894393398,
        0.17756233029505847,
        -0.9841006599069068,
        0,
        0.9848077530122106,
        0.17157238814933815,
        0.026769483218218013,
        0,
        156.81450684343693,
        -29.974580638543454,
        121.51149642004326,
        1.0000000000000002
      ],
      "name": "Cube",
      "mesh": 21
    },
    {
      "matrix": [
        0.8167310373751653,
        -0.15783478713949642,
        0.1676770685149276,
        0,
        0.16786539339691997,
        -0.04810730637671431,
        -0.8629318524697275,
        0,
        0.17001138401016677,
        0.8637205769484965,
        -0.015079107953972137,
        0,
        70.97665350988734,
        -3.490318248142641,
        -56.76184069129083,
        1
      ],
      "name": "Cube 3",
      "mesh": 22
    },
    {
      "matrix": [
        0.7979994158476823,
        0.054532616551177714,
        0.6001859095637297,
        0,
        -0.0882942727158105,
        0.9957305142984177,
        0.026923304042768912,
        0,
        -0.5961552261889047,
        -0.07447775927802629,
        0.7994072864695305,
        0,
        50.43983141686604,
        4.5619324211591845,
        62.09035070968151,
        1
      ],
      "name": "Cube 2",
      "mesh": 23
    },
    {
      "matrix": [
        0.9641641934138498,
        -0.18055960534468762,
        0.19438527993752783,
        0,
        0.18868792144727564,
        -0.04838080043779373,
        -0.9808446189121528,
        0,
        0.1865054327319408,
        0.9823734152891089,
        -0.012577618800992405,
        0,
        72.12556488028564,
        -4.092775886693888,
        -65.09970326296991,
        1
      ],
      "name": "Cube",
      "mesh": 24
    },
    {
      "matrix": [
        1.1223227248883814,
        0,
        -0.17456737536497077,
        0,
        0,
        1.1358177967186005,
        0,
        0,
        0.17456737536497077,
        0,
        1.1223227248883814,
        0,
        747.1289293979029,
        -199.86816727552025,
        289.41063090166324,
        1
      ],
      "name": "paint",
      "children": [
        32,
        33,
        34,
        35
      ]
    },
    {
      "matrix": [
        0.8994459049051483,
        0.13463892700958205,
        -0.06590117112017031,
        0,
        -0.035510806743719224,
        0.5808429921826708,
        0.7020213258218326,
        0,
        0.1456351181058741,
        -0.6899038473859511,
        0.5781839107137935,
        0,
        -603.1079971849371,
        -87.07788252140028,
        639.9686554444813,
        1.0000000000000004
      ],
      "name": "triangular_ruler",
      "mesh": 25
    },
    {
      "matrix": [
        1,
        0,
        0,
        0,
        0,
        2.220446049250758e-16,
        -1.0000000000002005,
        0,
        0,
        1.0000000000002005,
        2.220446049250758e-16,
        0,
        330.74505403639233,
        16.927129035252243,
        -29.686897558723782,
        1
      ],
      "name": "Rectangle 23",
      "mesh": 26
    },
    {
      "matrix": [
        1,
        0,
        0,
        0,
        0,
        2.2204460492507346e-16,
        -1.00000000000019,
        0,
        0,
        1.00000000000019,
        2.2204460492507346e-16,
        0,
        255.61855993655269,
        16.927129035252243,
        -29.686897558723782,
        1
      ],
      "name": "Rectangle 22",
      "mesh": 27
    },
    {
      "matrix": [
        1,
        0,
        0,
        0,
        0,
        2.2204460492507115e-16,
        -1.0000000000001796,
        0,
        0,
        1.0000000000001796,
        2.2204460492507115e-16,
        0,
        180.7247318932628,
        16.927129035252243,
        -29.686897558723782,
        1
      ],
      "name": "Rectangle 21",
      "mesh": 28
    },
    {
      "matrix": [
        1,
        0,
        0,
        0,
        0,
        2.220446049250666e-16,
        -1.0000000000001592,
        0,
        0,
        1.0000000000001592,
        2.220446049250666e-16,
        0,
        106.75668446284074,
        16.927129035252243,
        -29.686897558723782,
        1
      ],
      "name": "Rectangle 20",
      "mesh": 29
    },
    {
      "matrix": [
        1,
        0,
        0,
        0,
        0,
        2.2204460492506434e-16,
        -1.000000000000149,
        0,
        0,
        1.000000000000149,
        2.2204460492506434e-16,
        0,
        31.078304981140846,
        16.927129035252243,
        -29.686897558723782,
        1
      ],
      "name": "Rectangle 19",
      "mesh": 30
    },
    {
      "matrix": [
        1,
        0,
        0,
        0,
        0,
        2.2204460492506237e-16,
        -1.00000000000014,
        0,
        0,
        1.00000000000014,
        2.2204460492506237e-16,
        0,
        -43.92029559858068,
        16.927129035252243,
        -29.686897558723782,
        1
      ],
      "name": "Rectangle 18",
      "mesh": 31
    },
    {
      "matrix": [
        1,
        0,
        0,
        0,
        0,
        2.2204460492505793e-16,
        -1.0000000000001201,
        0,
        0,
        1.0000000000001201,
        2.2204460492505793e-16,
        0,
        -119.04962293751706,
        16.927129035252243,
        -29.686897558723782,
        1
      ],
      "name": "Rectangle 17",
      "mesh": 32
    },
    {
      "matrix": [
        1,
        0,
        0,
        0,
        0,
        2.220446049250567e-16,
        -1.0000000000001146,
        0,
        0,
        1.0000000000001146,
        2.220446049250567e-16,
        0,
        -269.24468132812916,
        16.927129035252243,
        -29.686897558723782,
        1
      ],
      "name": "Rectangle 24",
      "mesh": 33
    },
    {
      "matrix": [
        1,
        0,
        0,
        0,
        0,
        2.2204460492505285e-16,
        -1.0000000000000973,
        0,
        0,
        1.0000000000000973,
        2.2204460492505285e-16,
        0,
        -194.6397781342463,
        16.927129035252243,
        -29.686897558723782,
        1
      ],
      "name": "Rectangle 16",
      "mesh": 34
    },
    {
      "matrix": [
        1,
        0,
        0,
        0,
        0,
        2.220446049250494e-16,
        -1.0000000000000817,
        0,
        0,
        1.0000000000000817,
        2.220446049250494e-16,
        0,
        -269.12852324011334,
        16.927129035252243,
        -29.686897558723782,
        1
      ],
      "name": "Rectangle 15",
      "mesh": 35
    },
    {
      "matrix": [
        1,
        0,
        0,
        0,
        0,
        2.220446049250313e-16,
        -1,
        0,
        0,
        1,
        2.220446049250313e-16,
        0,
        0,
        -9.514963212728617,
        0,
        1
      ],
      "name": "Rectangle 12",
      "mesh": 36
    },
    {
      "matrix": [
        0.9291695416299247,
        0,
        0.11175388262198285,
        0,
        0,
        0.9358658917675438,
        0,
        0,
        -0.11175388262198288,
        0,
        0.9291695416299247,
        0,
        -388.0773086120116,
        -251.78069654530358,
        805.3557902199271,
        1
      ],
      "name": "ruler",
      "children": [
        38,
        39,
        40,
        41,
        42,
        43,
        44,
        45,
        46,
        47,
        48
      ]
    },
    {
      "matrix": [
        1,
        0,
        0,
        0,
        0,
        1,
        0,
        0,
        0,
        0,
        1,
        0,
        -8.740923596391099,
        -25.323645676670672,
        0.09309299079541233,
        1
      ],
      "name": "Shape 2",
      "mesh": 37
    },
    {
      "matrix": [
        1,
        0,
        0,
        0,
        0,
        1,
        0,
        0,
        0,
        0,
        1,
        0,
        -27.53707207026116,
        -5.693188046498555,
        0.2881590519355086,
        1
      ],
      "name": "Ellipse 4",
      "mesh": 38
    },
    {
      "matrix": [
        1,
        0,
        0,
        0,
        0,
        1,
        0,
        0,
        0,
        0,
        1,
        0,
        31.307595239621378,
        7.224316674409167,
        0.2881590519355086,
        1
      ],
      "name": "Ellipse 3",
      "mesh": 39
    },
    {
      "matrix": [
        1,
        0,
        0,
        0,
        0,
        1,
        0,
        0,
        0,
        0,
        1,
        0,
        10.621078737440712,
        22.92217979874934,
        0.2881590519355086,
        1
      ],
      "name": "Ellipse 2",
      "mesh": 40
    },
    {
      "matrix": [
        1,
        0,
        0,
        0,
        0,
        1,
        0,
        0,
        0,
        0,
        1,
        0,
        -14.368559397191007,
        14.723233475053235,
        0.2881590519355086,
        1
      ],
      "name": "Ellipse",
      "mesh": 40
    },
    {
      "matrix": [
        1,
        0,
        0,
        0,
        0,
        1,
        0,
        0,
        0,
        0,
        1,
        0,
        -32.786343574523926,
        -19.68639087677002,
        -0.2881590519355086,
        1
      ],
      "name": "Shape",
      "mesh": 41
    },
    {
      "matrix": [
        -1.051377653936739,
        1.2879298839724618e-14,
        0.41143958084864085,
        0,
        0.4114395808486167,
        2.8453536122796287e-14,
        1.0513776539366784,
        0,
        1.7547190915201342e-15,
        1.1290161645815557,
        -3.0336516820017304e-14,
        0,
        435.43133872540625,
        74.51675785953965,
        -12.000393212145408,
        0.9999999999999999
      ],
      "name": "Group 9",
      "children": [
        50,
        51,
        52,
        53,
        54,
        55
      ]
    },
    {
      "matrix": [
        1,
        0,
        0,
        0,
        0,
        1,
        0,
        0,
        0,
        0,
        1,
        0,
        -8.740923596391099,
        -25.323645676670672,
        0.09309299079541233,
        1
      ],
      "name": "Shape 2",
      "mesh": 42
    },
    {
      "matrix": [
        1,
        0,
        0,
        0,
        0,
        1,
        0,
        0,
        0,
        0,
        1,
        0,
        -27.53707207026116,
        -5.693188046498555,
        0.2881590519355086,
        1
      ],
      "name": "Ellipse 4",
      "mesh": 43
    },
    {
      "matrix": [
        1,
        0,
        0,
        0,
        0,
        1,
        0,
        0,
        0,
        0,
        1,
        0,
        31.307595239621378,
        7.224316674409167,
        0.2881590519355086,
        1
      ],
      "name": "Ellipse 3",
      "mesh": 44
    },
    {
      "matrix": [
        1,
        0,
        0,
        0,
        0,
        1,
        0,
        0,
        0,
        0,
        1,
        0,
        10.621078737440712,
        22.92217979874934,
        0.2881590519355086,
        1
      ],
      "name": "Ellipse 2",
      "mesh": 45
    },
    {
      "matrix": [
        1,
        0,
        0,
        0,
        0,
        1,
        0,
        0,
        0,
        0,
        1,
        0,
        -14.368559397191007,
        14.723233475053235,
        0.2881590519355086,
        1
      ],
      "name": "Ellipse",
      "mesh": 46
    },
    {
      "matrix": [
        1,
        0,
        0,
        0,
        0,
        1,
        0,
        0,
        0,
        0,
        1,
        0,
        -32.786343574523926,
        -19.68639087677002,
        -0.2881590519355086,
        1
      ],
      "name": "Shape",
      "mesh": 47
    },
    {
      "matrix": [
        -1.0794891266480562,
        -4.213714011657542e-15,
        -0.9826508406128661,
        0,
        -0.9826508406128094,
        5.834373246910105e-15,
        1.0794891266479938,
        0,
        9.43525695720367e-16,
        1.4597600655959455,
        -6.805480535182705e-15,
        0,
        299.92572045871407,
        80.95121804909256,
        -232.89961002449985,
        0.9999999999999998
      ],
      "name": "Group 8",
      "children": [
        57,
        58,
        59,
        60,
        61,
        62
      ]
    },
    {
      "matrix": [
        1,
        0,
        0,
        0,
        0,
        1,
        0,
        0,
        0,
        0,
        1,
        0,
        -589.0229681514792,
        -48.93828555586555,
        33.44886617699666,
        1
      ],
      "name": "Cube 2",
      "mesh": 48
    },
    {
      "matrix": [
        0.9999999999999987,
        1.776356839400248e-15,
        -9.170508023194248e-30,
        0,
        1.0071832712334466e-45,
        -5.1070259132756404e-15,
        -0.9999999999999842,
        0,
        -1.776356839400251e-15,
        1.0000000000000002,
        -5.10702591327572e-15,
        0,
        -544.9971691163647,
        46.79782641492484,
        144.57415654458097,
        1
      ],
      "name": "Rectangle 14",
      "mesh": 49
    },
    {
      "matrix": [
        0.9999999999999987,
        1.776356839400248e-15,
        -9.170508023194248e-30,
        0,
        1.0071832712334466e-45,
        -5.1070259132756404e-15,
        -0.9999999999999842,
        0,
        -1.776356839400251e-15,
        1.0000000000000002,
        -5.10702591327572e-15,
        0,
        532.3884185033627,
        46.79782641492416,
        -228.6145033984993,
        1
      ],
      "name": "Rectangle 13",
      "mesh": 50
    },
    {
      "matrix": [
        0.9998476951563913,
        -6.609296443471634e-16,
        -0.017452406437283928,
        0,
        -0.01745240643728394,
        -4.5519144009631443e-14,
        -0.999847695156392,
        0,
        -1.3010426069826268e-16,
        1.0000000000000162,
        -4.551914400963215e-14,
        0,
        -358.31543120131903,
        1.6842141322087065,
        220.73492594310275,
        1
      ],
      "name": "Ellipse",
      "mesh": 51
    },
    {
      "matrix": [
        0.9998476951563913,
        -3.816391647148975e-17,
        -0.017452406437283515,
        0,
        -0.01745240643728358,
        -2.220446049250321e-15,
        -0.999847695156395,
        0,
        4.622231866530034e-33,
        1.0000000000000793,
        -2.220446049250489e-15,
        0,
        -389.5187184075569,
        -1.2709879834327467,
        195.06695060574663,
        1
      ],
      "name": "Shape 3",
      "mesh": 52
    },
    {
      "matrix": [
        -0.5884644510741222,
        -3.8857805861881716e-16,
        0.8085230917061648,
        0,
        0.8085230917061779,
        4.440892098500838e-16,
        0.5884644510741318,
        0,
        -6.106226635438691e-16,
        1.0000000000000537,
        2.2204460492504324e-16,
        0,
        -414.4514588379451,
        4.414222244030297,
        -233.430292053727,
        1
      ],
      "name": "Rectangle 5",
      "mesh": 53
    },
    {
      "matrix": [
        -0.7942726755904655,
        -6.103170404145735e-16,
        0.6075614510569671,
        0,
        0.6075614510569733,
        -1.1160400322753913e-15,
        0.7942726755904733,
        0,
        -5.551115123126127e-17,
        1.000000000000062,
        8.8817841970018e-16,
        0,
        -201.25820224040302,
        4.4142222440303716,
        -106.8026707780702,
        1
      ],
      "name": "Rectangle 4",
      "mesh": 54
    },
    {
      "matrix": [
        -1,
        -3.697785493223492e-32,
        1.224646799147353e-16,
        0,
        1.2246467991474062e-16,
        -4.440892098500819e-16,
        1.0000000000000437,
        0,
        1.2325951644078849e-32,
        1.0000000000000437,
        2.2204460492504097e-16,
        0,
        397.45572557711296,
        -6.977214294627587,
        -134.75154480371833,
        1
      ],
      "name": "Rectangle 6",
      "mesh": 55
    },
    {
      "matrix": [
        -1,
        -3.697785493223492e-32,
        1.224646799147353e-16,
        0,
        1.224646799147477e-16,
        -4.440892098501076e-16,
        1.0000000000001015,
        0,
        1.2325951644079557e-32,
        1.0000000000001015,
        2.220446049250538e-16,
        0,
        -156.0446657575234,
        2.8916566054360686,
        167.47040909356807,
        1
      ],
      "name": "Rectangle 10",
      "mesh": 56
    },
    {
      "matrix": [
        -1,
        -3.697785493223492e-32,
        1.224646799147353e-16,
        0,
        1.224646799147466e-16,
        -4.440892098501036e-16,
        1.0000000000000926,
        0,
        1.232595164407945e-32,
        1.0000000000000926,
        2.220446049250518e-16,
        0,
        -156.0446657575234,
        2.89165660543604,
        247.829784495365,
        1
      ],
      "name": "Rectangle 9",
      "mesh": 57
    },
    {
      "matrix": [
        -1,
        -4.930380657631324e-32,
        1.2246467991473535e-16,
        0,
        1.224646799147444e-16,
        -4.440892098500955e-16,
        1.0000000000000742,
        0,
        6.07716335728672e-64,
        1.0000000000000742,
        2.2204460492504773e-16,
        0,
        -250.40794700752335,
        2.8916566054360118,
        3.773187835597213,
        1
      ],
      "name": "Rectangle 8",
      "mesh": 58
    },
    {
      "matrix": [
        -1,
        -4.930380657631324e-32,
        1.2246467991473535e-16,
        0,
        1.2246467991474254e-16,
        -4.440892098500887e-16,
        1.000000000000059,
        0,
        6.077163357286629e-64,
        1.000000000000059,
        2.2204460492504437e-16,
        0,
        -250.40794700752335,
        2.8916566054359834,
        84.86693824106604,
        1
      ],
      "name": "Rectangle 7",
      "mesh": 59
    },
    {
      "matrix": [
        -1,
        -3.6977854932234906e-32,
        1.2246467991473527e-16,
        0,
        1.2246467991473892e-16,
        -4.440892098500758e-16,
        1.00000000000003,
        0,
        1.2325951644078673e-32,
        1.00000000000003,
        2.220446049250379e-16,
        0,
        -313.550089997015,
        2.8916566054359265,
        -159.84559704179753,
        1
      ],
      "name": "Rectangle 3",
      "mesh": 60
    },
    {
      "matrix": [
        -0.9848077530122075,
        -4.163336342344335e-17,
        -0.17364817766693016,
        0,
        -0.17364817766693025,
        0,
        0.9848077530122079,
        0,
        -6.938893903907228e-17,
        0.9999999999999996,
        3.3306690738754686e-16,
        0,
        445.7886821068977,
        -4.414222244030426,
        188.2222819706814,
        1
      ],
      "name": "Shape 2",
      "mesh": 61
    },
    {
      "matrix": [
        -1.0000000000000073,
        3.697785493223518e-32,
        -1.2246467991473618e-16,
        0,
        -1.2246467991475016e-16,
        -4.440892098501166e-16,
        1.0000000000001217,
        0,
        -1.232595164407983e-32,
        1.0000000000001237,
        2.220446049250587e-16,
        0,
        121.25701119979767,
        -4.293454978043645,
        254.3554392447539,
        1
      ],
      "name": "Shape",
      "mesh": 62
    },
    {
      "matrix": [
        1,
        0,
        0,
        0,
        0,
        1,
        0,
        0,
        0,
        0,
        1,
        0,
        -1.8782220679730983,
        73.98668838146192,
        -8.511229126663693,
        1
      ],
      "name": "content",
      "children": [
        67,
        68,
        69,
        70,
        71,
        72,
        73,
        74,
        75,
        76,
        77,
        78
      ]
    },
    {
      "matrix": [
        -1,
        0,
        0,
        0,
        0,
        2.2204460492504073e-16,
        -1.0000000000000426,
        0,
        0,
        1.0000000000000426,
        2.2204460492504073e-16,
        0,
        -275.7502633287566,
        49.94579818074774,
        -2.4552242278617764,
        1
      ],
      "name": "Cube 4",
      "mesh": 63
    },
    {
      "matrix": [
        1,
        0,
        0,
        0,
        0,
        2.220446049250323e-16,
        -1.0000000000000047,
        0,
        0,
        1.0000000000000047,
        2.220446049250323e-16,
        0,
        277.4520095313506,
        49.945798180747744,
        -2.455224227861777,
        1
      ],
      "name": "Cube 3",
      "mesh": 64
    },
    {
      "matrix": [
        1,
        0,
        0,
        0,
        0,
        2.2204460492504265e-16,
        -1.0000000000000513,
        0,
        0,
        1.0000000000000513,
        2.2204460492504265e-16,
        0,
        0,
        -2.140225670979561,
        6.913659359010008e-33,
        1
      ],
      "name": "Cube 2",
      "mesh": 65
    },
    {
      "matrix": [
        1,
        0,
        0,
        0,
        0,
        1,
        0,
        0,
        0,
        0,
        1,
        0,
        -189.06423605095574,
        -30.099977473681918,
        66.55113382300334,
        1
      ],
      "name": "book-2",
      "children": [
        56,
        63,
        64,
        65,
        66,
        79,
        80,
        81,
        82
      ]
    },
    {
      "matrix": [
        0.25698167475172456,
        -0.8399365197294014,
        0.7939272950656308,
        0,
        -0.7664141725462391,
        0.48493757576797225,
        0.7611165166465295,
        0,
        -0.8651145722652359,
        -0.6791138922277528,
        -0.4384456481950893,
        0,
        19.859124364330228,
        5.798971402720256,
        7.429166478863849e-17,
        1
      ],
      "name": "Cylinder",
      "mesh": 66
    },
    {
      "matrix": [
        0.2569816747517252,
        -0.839936519729401,
        0.7939272950656304,
        0,
        0.8651145722652251,
        0.6791138922277453,
        0.4384456481950835,
        0,
        -0.7664141725462299,
        0.48493757576796687,
        0.76111651664652,
        0,
        -35.25802375481863,
        -40.722652675213716,
        -30.21172876215497,
        1
      ],
      "name": "Rectangle 18",
      "mesh": 67
    },
    {
      "matrix": [
        0.9238311638643346,
        0.11232841226513653,
        -0.637046082305791,
        0,
        2.8406808597908404e-17,
        1.1106559508590068,
        0.19583861042085762,
        0,
        0.6468735449708573,
        -0.16042159807696116,
        0.9097960926478883,
        0,
        -62.411443781254164,
        0.41064857971711044,
        139.37130250240176,
        1
      ],
      "name": "Group 13",
      "children": [
        84,
        85
      ]
    },
    {
      "matrix": [
        0.21416669775811747,
        0.2781335287724575,
        1.1307642786750578,
        0,
        0.6290276115552288,
        0.9399187423664419,
        -0.35032914499507634,
        0,
        -0.9799542732475308,
        0.6641144375064035,
        0.02225139148582743,
        0,
        -125.70592007809373,
        -56.84823780420548,
        115.84825485071195,
        1
      ],
      "name": "Cube 3",
      "mesh": 68
    },
    {
      "matrix": [
        2.0975171618943644,
        0.2324721521501437,
        -5.326880308528705e-14,
        0,
        -0.16261247922088873,
        1.4671970932827127,
        3.86761803074509e-15,
        0,
        3.01334970940297e-14,
        -1.478973126247701e-14,
        1.476180926897364,
        0,
        3.9535250461937044,
        -56.08383593854106,
        1.8543768315578857,
        0.9999999999999997
      ],
      "name": "Cube 2",
      "mesh": 69
    },
    {
      "matrix": [
        1.364062802501024,
        -0.25786062534526594,
        -0.5045791437012612,
        0,
        0.2744169940004761,
        1.4514840952893262,
        0.000025185760956843585,
        0,
        0.4961407356240298,
        -0.09376941351292674,
        1.3872677496184516,
        0,
        88.90783915130336,
        -36.355556592742026,
        111.40852344570534,
        1
      ],
      "name": "Rectangle 4",
      "mesh": 70
    },
    {
      "matrix": [
        1.4181991454536196,
        -0.31668016287778866,
        0.2655860933361976,
        0,
        0.3360707516318289,
        1.4361190426154193,
        -0.08203396675871001,
        0,
        -0.24078282984817254,
        0.13924027372508171,
        1.4497399731703173,
        0,
        -89.8956184087988,
        -38.82406329583364,
        109.870261333567,
        1.0000000000000002
      ],
      "name": "Rectangle 3",
      "mesh": 71
    },
    {
      "matrix": [
        1.3540742722472061,
        -0.2559871792589788,
        -0.5292103156864525,
        0,
        0.2742142355378783,
        1.4504884287590631,
        -7.042525611650762e-15,
        0,
        0.5199995646174086,
        -0.0983057019031959,
        1.3780589866571762,
        0,
        107.39995417048378,
        -33.70632182995865,
        106.05029546841791,
        1
      ],
      "name": "Rectangle 4",
      "mesh": 72
    },
    {
      "matrix": [
        1.4181991454536191,
        -0.31668016287778955,
        0.26558609333620004,
        0,
        0.3360707516318302,
        1.4361190426154193,
        -0.08203396675871089,
        0,
        -0.24078282984817492,
        0.13924027372508357,
        1.4497399731703182,
        0,
        -71.78494219113234,
        -36.554363765235436,
        114.05365667215655,
        1.0000000000000004
      ],
      "name": "Rectangle 2",
      "mesh": 73
    },
    {
      "matrix": [
        0.7300530236964722,
        1.2559975483683639,
        -0.2619214959102484,
        0,
        -1.2828129398865575,
        0.7199398731832936,
        -0.1232382619002024,
        0,
        0.02288389798447354,
        0.28855998757463275,
        1.4475218788396593,
        0,
        -122.54982268180241,
        60.34541639392072,
        15.042640376909198,
        1.0000000000000004
      ],
      "name": "Shape 2",
      "mesh": 74
    },
    {
      "matrix": [
        1.324227373951966,
        -0.6266968623683385,
        0.18106085637075744,
        0,
        0.650811560601994,
        1.2971609600749754,
        -0.27005163428446766,
        0,
        -0.044455636299495664,
        0.32207858558219055,
        1.4399302795781912,
        0,
        87.61920767018898,
        100.50377576421616,
        10.426577489088551,
        1.0000000000000002
      ],
      "name": "Shape",
      "mesh": 75
    },
    {
      "matrix": [
        1.4731541143979707,
        0.07821522898384357,
        -0.053004359472093227,
        0,
        -0.09165260942046245,
        1.3841591421975386,
        -0.5047904487933619,
        0,
        0.022953939846366053,
        0.5070463252618709,
        1.3861772143631226,
        0,
        7.172169889511108,
        -7.748201880632186,
        122.19224707170996,
        1
      ],
      "name": "Sphere",
      "mesh": 76
    },
    {
      "matrix": [
        1.3378742691221168,
        -0.6238610173401827,
        -3.391466741308094e-14,
        0,
        0.60215462602931,
        1.2913247627366848,
        -0.3860055601025727,
        0,
        0.16313299883282015,
        0.3498398449603742,
        1.4248192294131408,
